1 0.108824 0.246622 0.105882 0.466216
1 0.111765 0.736486 0.111765 0.486486
1 0.225000 0.750000 0.114706 0.500000
1 0.220588 0.253378 0.117647 0.466216
1 0.335294 0.256757 0.117647 0.472973
1 0.333824 0.756757 0.114706 0.486486
1 0.444118 0.253378 0.111765 0.493243
1 0.444118 0.743243 0.117647 0.486486
1 0.557353 0.253378 0.114706 0.493243
1 0.555882 0.746622 0.105882 0.479730
1 0.666176 0.250000 0.108824 0.486486
1 0.667647 0.736486 0.117647 0.486486
1 0.782353 0.256757 0.123529 0.500000
1 0.783824 0.736486 0.114706 0.472973
1 0.889706 0.246622 0.114706 0.479730
1 0.889706 0.736486 0.102941 0.472973
